-- node name, location x, location y, demand
-- 1st row is the depot
1 30.00000 40.00000 0 
2 37.00000 52.00000 7
3 49.00000 49.00000 30
4 52.00000 64.00000 16
5 20.00000 26.00000 9
6 40.00000 30.00000 21
7 21.00000 47.00000 15
8 17.00000 63.00000 19
9 31.00000 62.00000 23
10 52.00000 33.00000 11
11 51.00000 21.00000 5
12 42.00000 41.00000 19
13 31.00000 32.00000 29
14 5.00000 25.00000 23
15 12.00000 42.00000 21
16 36.00000 16.00000 10
17 52.00000 41.00000 15
18 27.00000 23.00000 3
19 17.00000 33.00000 41
20 13.00000 13.00000 9
21 57.00000 58.00000 28
22 62.00000 42.00000 8
23 42.00000 57.00000 8
24 16.00000 57.00000 16
25 8.00000 52.00000 10
26 7.00000 38.00000 28
27 27.00000 68.00000 7
28 30.00000 48.00000 15
29 43.00000 67.00000 14
30 58.00000 48.00000 6
31 58.00000 27.00000 19
32 37.00000 69.00000 11
33 38.00000 46.00000 12
34 46.00000 10.00000 23
35 61.00000 33.00000 26
36 62.00000 63.00000 17
37 63.00000 69.00000 6
38 32.00000 22.00000 9
39 45.00000 35.00000 15
40 59.00000 15.00000 14
41 5.00000 6.00000 7
42 10.00000 17.00000 27
43 21.00000 10.00000 13
44 5.00000 64.00000 11
45 30.00000 15.00000 16
46 39.00000 10.00000 10
47 32.00000 39.00000 5
48 25.00000 32.00000 25
49 25.00000 55.00000 17
50 48.00000 28.00000 18
51 56.00000 37.00000 10

 



















































